# MAZE = [
#     [1, 1, 1, 1, 1, 1, 1, 1, 1, 1, 1, 1, 1, 1, 1, 1, 1, 1, 1, 1],
#     [1, 2, 2, 2, 2, 2, 2, 2, 2, 2, 2, 2, 2, 2, 2, 2, 2, 2, 2, 1],
#     [1, 2, 1, 1, 1, 2, 1, 1, 1, 1, 1, 1, 1, 2, 1, 1, 1, 1, 2, 1],
#     [1, 2, 1, 0, 1, 2, 1, 0, 0, 0, 0, 0, 1, 2, 1, 0, 1, 0, 2, 1],
#     [1, 2, 1, 0, 1, 2, 1, 0, 1, 1, 1, 0, 1, 2, 1, 0, 1, 0, 2, 1],
#     [1, 2, 2, 2, 2, 2, 2, 2, 2, 2, 2, 2, 2, 2, 2, 2, 2, 2, 2, 1],
#     [1, 2, 1, 1, 1, 2, 1, 1, 1, 2, 1, 1, 1, 2, 1, 1, 1, 1, 2, 1],
#     [1, 2, 2, 2, 2, 2, 2, 2, 2, 2, 2, 2, 2, 2, 2, 2, 2, 2, 2, 1],
#     [1, 2, 1, 1, 1, 2, 1, 1, 1, 1, 1, 1, 1, 2, 1, 1, 1, 1, 2, 1],
#     [1, 2, 1, 0, 1, 2, 1, 0, 0, 0, 0, 0, 1, 2, 1, 0, 1, 0, 2, 1],
#     [1, 2, 1, 0, 1, 2, 1, 0, 1, 1, 1, 0, 1, 2, 1, 0, 1, 0, 2, 1],
#     [1, 2, 2, 2, 2, 2, 2, 2, 2, 2, 2, 2, 2, 2, 2, 2, 2, 2, 2, 1],
#     [1, 1, 1, 1, 1, 1, 1, 1, 1, 1, 1, 1, 1, 1, 1, 1, 1, 1, 1, 1]
# ]

# # Define Pac-Man and Ghosts positions
# PACMAN = (1, 1)
# GHOSTS = [(10, 18), (10, 1), (1, 18)]

# Define grid
# 0 represents the empty spaces
# 1 represents the walls 
# 2 represents the dots / pacman food

